ISS (ZARYA)             
1 25544U 98067A   15120.74341693  .00014059  00000-0  20276-3 0  9995
2 25544  51.6473 321.0058 0005242 285.2402 175.4942 15.56267061940658
TIANGONG 1              
1 37820U 11053A   15120.70633317  .00024770  00000-0  30850-3 0  9998
2 37820  42.7668 197.8586 0010380  57.4958  79.8019 15.59359767205906
PROGRESS-M 25M          
1 40292U 14067A   15116.18326566  .00016849  00000-0  24679-3 0  9995
2 40292  51.6481 343.8143 0003434 274.9158 179.9634 15.55687816 27819
SPINSAT                 
1 40314U 98067FL  15120.76579313  .00021185  00000-0  26881-3 0  9997
2 40314  51.6428 319.8629 0005466 276.8303  83.2589 15.58749903 75275
AESP 14                 
1 40389U 98067FM  15120.54905318  .00694665  21094-3  18397-2 0  9993
2 40389  51.6487 313.8401 0015450 246.1309 146.1739 15.93869806 18710
FLOCK 1B-27             
1 40422U 98067FN  15120.81179506  .00056793  00000-0  57137-3 0  9994
2 40422  51.6410 318.5046 0006737 269.5808 162.1110 15.64845618 18659
FLOCK 1B-28             
1 40423U 98067FP  15120.83786381  .00056430  00000-0  57829-3 0  9998
2 40423  51.6442 318.5736 0006034 262.8500 221.6420 15.64387374 18651
FLOCK 1B-21             
1 40427U 98067FQ  15120.74874961  .00059017  00000-0  58542-3 0  9991
2 40427  51.6454 318.7879 0006859 250.0711 210.3004 15.65184126 18672
FLOCK 1B-22             
1 40428U 98067FR  15120.91428073  .00067777  00000-0  69847-3 0  9992
2 40428  51.6452 318.3033 0007668 244.3425 254.7546 15.64156078 18695
FLOCK 1B-10             
1 40429U 98067FS  15120.70883084  .00067593  00000-0  71105-3 0  9993
2 40429  51.6451 319.3685 0007436 291.4982 116.3704 15.63637090 18633
FLOCK 1B-9              
1 40430U 98067FT  15120.73884478  .00117638  00000-0  10424-2 0  9998
2 40430  51.6435 318.7182 0011247 264.8013 192.5431 15.67643297 18640
FLOCK 1D-1              
1 40451U 98067FU  15120.69850370  .00046709  00000-0  49234-3 0  9992
2 40451  51.6456 319.3112 0008274 272.5387 133.8066 15.63734842 18647
FLOCK 1D-2              
1 40452U 98067FV  15120.77020821  .00032996  00000-0  39428-3 0  9999
2 40452  51.6464 319.6664 0008386 281.2356 188.0347 15.60662089 18643
FLOCK 1B-5              
1 40453U 98067FW  15120.74842478  .00058272  00000-0  65186-3 0  9992
2 40453  51.6441 319.6187 0008436 283.0224 135.1607 15.62114174 18639
FLOCK 1B-6              
1 40454U 98067FX  15120.70300318  .00072840  00000-0  75232-3 0  9991
2 40454  51.6453 319.3436 0008957 268.6344 138.1407 15.64056970 18639
GEARRS-1                
1 40456U 98067FZ  15119.85129138  .00064072  00000-0  70308-3 0  9993
2 40456  51.6486 324.0457 0008877 240.6282 222.6541 15.62565600 18513
MICROMAS                
1 40457U 98067GA  15120.73107652  .00118678  00000-0  10677-2 0  9994
2 40457  51.6422 318.7592 0010251 273.5718 139.2979 15.67279460 18645
LAMBDASAT               
1 40458U 98067GB  15120.59817252  .00503963  00000-0  21317-2 0  9991
2 40458  51.6411 317.1336 0014814 267.9928 132.5693 15.83355712 18655
FLOCK 1B-11             
1 40459U 98067GC  15119.82552815  .00073001  00000-0  75174-3 0  9993
2 40459  51.6463 323.8861 0007569 259.1019 191.1824 15.64145625 18514
FLOCK 1B-12             
1 40460U 98067GD  15120.55039385  .00066384  00000-0  73082-3 0  9991
2 40460  51.6440 320.6151 0007826 260.9506 126.8587 15.62477470 18622
DRAGON CRS-6            
1 40588U 15021A   15107.55990741  .00021328  00000-0  30900-3 0  9999
2 40588  51.6478  26.9099 0005986 222.9710 135.8879 15.55797401   436
OBJECT A                
1 40619U 15024A   15120.94381548  .00676184  11927-4  23298-3 0  9996
2 40619  51.6441 318.8073 0049057  93.9779 266.6980 16.21273861   433
OBJECT B                
1 40620U 15024B   15119.02469054  .11388477  12484-4  80198-3 0  9992
2 40620  51.6506 329.2564 0006964  46.0865 314.2605 16.40162809   123
